# oST version 5.0 parameters


[image]

width
640

height
480

[narrow_stereo/left]

camera matrix
442.71191 0.000000 363.49450
0.000000 447.01980 253.82285
0.000000 0.000000 1.000000

distortion
-0.006821 -0.016762 -0.020374 0.011224 0.000000

rectification
1.000000 0.000000 0.000000
0.000000 1.000000 0.000000
0.000000 0.000000 1.000000

projection
441.01677 0.000000 376.74150 0.000000
0.000000 456.43946 257.79914 0.000000
0.000000 0.000000 1.000000 0.000000
