# oST version 5.0 parameters


[image]

width
2592

height
1944

[narrow_stereo/left]

camera matrix
1792.983237 0.000000 1472.152737
0.000000 1810.430215 1027.982551
0.000000 0.000000 1.000000

distortion
0.039203 -0.051594 0.007455 0.015971 0.000000

rectification
1.000000 0.000000 0.000000
0.000000 1.000000 0.000000
0.000000 0.000000 1.000000

projection
1786.117920 0.000000 1525.803075 0.000000
0.000000 1848.579834 1044.086529 0.000000
0.000000 0.000000 1.000000 0.000000
